# Blender v2.83.5 OBJ File: ''
# www.blender.org
mtllib Покровский бульвар, 16.10с1.mtl
o Cube
v 14.497519 6.000000 -11.415348
v 14.497519 -2.000000 -11.415348
v 9.236519 6.000000 18.119749
v 9.236519 -2.000000 18.119749
v 2.683482 6.000000 -13.519749
v 2.683482 -2.000000 -13.519749
v -2.577519 6.000000 16.015348
v -2.577519 -2.000000 16.015348
vt 0.625000 0.500000
vt 0.875000 0.500000
vt 0.875000 0.750000
vt 0.625000 0.750000
vt 0.375000 0.750000
vt 0.625000 1.000000
vt 0.375000 1.000000
vt 0.375000 0.000000
vt 0.625000 0.000000
vt 0.625000 0.250000
vt 0.375000 0.250000
vt 0.125000 0.500000
vt 0.375000 0.500000
vt 0.125000 0.750000
vn 0.0000 1.0000 0.0000
vn -0.1754 0.0000 0.9845
vn -0.9845 0.0000 -0.1754
vn 0.0000 -1.0000 0.0000
vn 0.9845 0.0000 0.1754
vn 0.1754 0.0000 -0.9845
usemtl Material
s off
f 1/1/1 5/2/1 7/3/1 3/4/1
f 4/5/2 3/4/2 7/6/2 8/7/2
f 8/8/3 7/9/3 5/10/3 6/11/3
f 6/12/4 2/13/4 4/5/4 8/14/4
f 2/13/5 1/1/5 3/4/5 4/5/5
f 6/11/6 5/10/6 1/1/6 2/13/6
o Cube.001
v -15.528884 -2.000000 -8.985970
v -15.528884 6.000000 -8.985970
v -14.427386 -2.000000 -16.101215
v -14.427386 6.000000 -16.101215
v 13.327386 -2.000000 -4.518784
v 13.327386 6.000000 -4.518784
v 14.428884 -2.000000 -11.634028
v 14.428884 6.000000 -11.634028
vt 0.375000 0.000000
vt 0.625000 0.000000
vt 0.625000 0.250000
vt 0.375000 0.250000
vt 0.625000 0.500000
vt 0.375000 0.500000
vt 0.625000 0.750000
vt 0.375000 0.750000
vt 0.625000 1.000000
vt 0.375000 1.000000
vt 0.125000 0.500000
vt 0.125000 0.750000
vt 0.875000 0.500000
vt 0.875000 0.750000
vn -0.9882 0.0000 -0.1530
vn 0.1530 0.0000 -0.9882
vn 0.9882 0.0000 0.1530
vn -0.1530 0.0000 0.9882
vn 0.0000 -1.0000 0.0000
vn 0.0000 1.0000 -0.0000
usemtl None
s off
f 9/15/7 10/16/7 12/17/7 11/18/7
f 11/18/8 12/17/8 16/19/8 15/20/8
f 15/20/9 16/19/9 14/21/9 13/22/9
f 13/22/10 14/21/10 10/23/10 9/24/10
f 11/25/11 15/20/11 13/22/11 9/26/11
f 16/19/12 12/27/12 10/28/12 14/21/12
